$ANSIBLE_VAULT;1.1;AES256
35333932363032633033303639383135613534313965636564613532343961316237303565333865
3934663561643030613932326537383530336530613731330a646234333633376666386266373064
35306136666538353465363731333066646136623531396238393062386163663137303338333232
3061393835663134300a643764613036336438333137643161656436643837613437393732623066
33363730373136663037316464363965633533383236653938653734393139613035653461613161
61313032613532653330643462366465343438313333353163643834356462656637373436366434
65313237313062393465633965653833656132663261343630323835663233303733353138353937
62363862643035313065363637316336653335373931316139663564353138616137316539343539
31613732643366333164623132376532313565363833636265346439663333373161336137376466
66616136633531356534643835356134663363633735393962366362336236323535323266626131
30336433636662393831353233633033316564386235316366363733316632363034636265373837
36303964383766356163383938303830353033363438613561356337326138343638396133613336
64373062616131363432613366376535326133363566333439353532376263313739633337393437
37356334363336313634366238643462623132643837303230333336333963356334336531316336
64346362356566393130616537663631313562636534376637656339633466643761323937653362
30623438623531336661386361666432613133343733396437633030663535393238373832303066
30383132386634666333306633623237346236643332373139393432333063323331626664616664
64313363383937666330373264626661363164363133623139353231326133353565393562373562
39383234633762306539316239303661616464306563383665643439346432343962363062316561
37363234356566313163363730663265396534616461623433353361633430303664366337613936
33633836383338383739643139343130376535323664343939393436363563303761343330303363
63343364386635383263333838666262666664646437663739383839616362623337333563366365
62326333646362633363316338366363646663333064303662373830323565386563663133356461
66653832313863306330613931326561633233653032376463386264303833326132393832333866
30313363326235666137353938653665356632303064653939363933633330393464373835326134
61363932333664643566656637323935383862636334656264646434316635646638383635333561
64316637643435313664626331346564303536663164333931323932613633653037333266313832
32613664373639333430363333613731356563393433393532666539646238396263383663353063
66383263666638386139366136306465356166636134323765633639373965613036393333646233
66343464336138616134653937376365313739663665653930303537306239333665616461373938
30393032663362646230303861636136313666616232353866326231313134636430393437653931
38626438336531356537366535633235333739336131613035623464316331376564373736356530
38396533396230626333316366353063376435623938343564316561363334386432656632656562
39623336326563666266336462396231626338356633376564353561306437633434346465656533
37613064353030656563363732663934303238363737353866316533656639366131633462616663
62633733323064313939383531303136323036396137656637626335393230323164643333386330
62336464316564633363386665363735386636366637633866333864626633333334376238393631
33316566613333643037636539326539623736323036326364393130626230326161323232303137
39383865626330326637643764656635383835393763623566393065356139623962633661653263
35636132383232313064663936663237653132396430363532393731333039636161333435306337
32343535343236663564323563616232623864326239393532396563303937663230323234663262
65376137646363393532313131643163386135313238356565383231653439643963363061343135
31646165326534343330623732383164366637663236386437343134633461363065623266366366
65633631653636326135373833393736396332386532303266346561316434316563613465656363
31333133353336373231363733353662636666656362323330353866303139633333333436313464
30643238383536353734343434663436316561626333303662356663386236306135653133303566
35663365663230396632656438653439333030653631323239646630643735646266623839643634
65386662393064376335633330643639626635663063383739653630313066633732636564373337
30393732623666653532366663626231613832373261376231633734376363376436616131356162
65336339323161343132626163396361383065313265366330626335623565323162363363343733
65626537353736626161343139386334376236393964333434386163356231613961383764636165
66346464663135623162333063633265346234343332643238316239666261393833633534653036
65313333636664356535323335353233646235396462613132316439663066313433333131656536
31613166653762316639313364623533336164346137666436333837343066316438623137373337
34363535616238626635376636396561663362313062646231313762653937623832333534333131
31336466623432366138376237336235366663363734336662383162393662323131303361336462
32643536306461333836356231663730346637633063623938373135646637323338356335383664
62646131393031636564303632633163373861353933636438303034323736653938646639396433
33663331653934343135386463623738313466643838306163333336663064613036303262323864
65316631636534623737353130613834626266346466346334656332353366623233373064383532
64626663313761323662393335646566373762343737643638393433353737656461666464303239
30386630633431376439623361653762613439346435333635633531616439626566316134633561
64646530373130366539636430396164636439346562326166303932303961373661643765393662
36366434376236393331643031313033383338313162343230313334623239656565323966633430
38646632343432643865386231313761383766303161623534343830366666376137643461623336
39376362356534383463373265373364613739313261363235623630366539396463653730386532
37383235366433343363663161346235316130623630353735333563343239343436336236643934
34633161353964343137656533626462326631643763656131363938633563626633336266353530
38346361623430626533666461646661643039643531363662396336326234343639363132636233
33386465646538393164363761363266306465613163346638656462383135333834373166363835
65353239393463313736343336306630336431303036383732623531646639613931626232656663
64343337386332343534653330656537653831393664656331343235316161623765616134353731
35623065326437373834346335663837366131616336643931623831373935316337643861313466
38653263343731363662613132323431326431366664663836383230643961343165396239653034
38363262323836663165363034623136336533626437663364333965316434316436393737663234
34393232393865386239383865643162346138353563323932623762633532376561383134623038
34396638616536396266333934346334346164383666393166333564656137313763643162653530
35323730386665303365653564306339343430363962653938333134663363313436326337353261
38346636316535313563633564376264363035316530626264313736616266646132643131366331
66613063366661306135653461373537336462623530653763393564366336353563316134306362
34643836663931613734393663356666343737353039383962336632396164323865353662393936
66306161646466306130373437363638356632313634646537373231316434386166366364373466
30633862326135343835386532393666396138353330623537333435653135356361626265666435
65326132613730346438616635353736356363333433303865326530643330626237333333306433
31633765393636386663613735376664303036656636326534653837663466316239393864396337
65323133346662346537383130373030343236613537383061353465343866663432646434636236
38363938343439646431653436306564363966623636323835373030316261663436643662346561
33313733373065373165393039666262643164333665333166336363643833643438373363396634
30343835663138616333656334333639376335333737386330353663376131396233303831333930
62356363623662373738663239313462663861323937653461613732323831303232653763386663
63373463613962323231353937353830313834616663393639663761346463383931306238613032
30343432613433616463613537643966313365376136346134373835656333346530396465646331
64656266373961613863393332613361356362313066373030373233663533313536303535336432
30373238363037663236393431383738326635666234623862643630313663356430643238336135
38376630396530643738623663646364613963376336383637376565623463626130623338313065
36316461306233626134653736356334303566336437613632303936356335313362623233643338
38333164643230333835316664306439346362303433333166356131313763373032303863643934
36373662303133623534373364616639336631666436623433393666396238353938316635396134
33633663616534306562353636343462656461666631363563663932663535646631613239623835
63356366306536316332666339633431373234613133393939636538326432383731383232343433
37333232656236363463303432333233386466333539313437633733653131623233356138323436
63363666383435363039643135613735613163343433383630313864663831616435386163306239
65633366303431316461643261313331336661303733633836326331663731376364656336363364
65616137313937326139626365623666353739666531363632313034663133613765353933333638
34303736393634656539643031336334303237333639303963383566633337363831373331313835
64323737373361333230653230366137303933616336653063316133333765633332626631636634
35613761336339393561373539366338323237316439616261636638366433333137313830386666
35636463363033643733613535376465643637393735303537313037343164653030333664653366
61363932313131393465306536653130653264643131343834386561376239396365616565306633
38323735316361333733343138373138316464373437306661366433373236376331373134626466
62656163343966313536663431323538656538353531303635376431636666633861656433383933
62333438653939363939653037393031653263356433303833323532343438363934316565626366
63373237646236666565383864376564343733373133303239376539636337613937343939636436
61626632616534316564636639653330633162366538383536343664653530656435633732613264
66316534366361346230303931343235356530323232363962316630613162613731396465363233
36643764373936633331356637653464323766623766323963656434316162373535393437643531
62333339636363343636353764623466393834356338623337663732303939366636636365346533
39613438393232373663346136313561336537333762643462346163353537336331616637366662
31376661666430636164653333343961626434396637323630666263323664323737346136326661
65313839323235623831643962363766326265306534353330636336393765616639323632373362
33643462343932626630643265313462373664373762383838613838633661613931373566623733
62653065323266656163353230363937653265623332653039636530613563393662306530633962
65333334396233383863633462386634626438373430386235363836333064396636623038393165
61376362373338386265386132616134373931393438616136623361623232643933633330653539
33633965306233613438336262613863623162356263303365366162316464623861316561363031
66623362346334633364353238396537313935623734613331323962373263626162666166333237
63313264303461633832326361633261316436316434633139346666376639323733373934383330
30656536366532396263626634663162643566376433656563373536343436613136343164333035
36386336303232316362363532393838663432613733356365653036336361336663343332613361
35353235333863663037363965333339393466666361356566376539376631653135383930313634
34643962316337633263323639313462383936303462363735623437663432326430643538616462
37633336313731323736376630646239323334613236383364393735386363373463613063363936
39653866376133643562323131643365346362383338643761373636646463343036363964303364
31373330336434346335626538653634633333613334643439343562393536643564323065363836
63643937333761393130313938366438643064653234313432633064333163333462663165303066
32313431306537306264636339306562306633346164656466306534353562333636623634383561
31373933353464636462343437313938663563303538363834613437656561393938306136353939
63393834636138383064633664303665643730656463656332303132346666306232376234333433
30326339616432653635363761663131313336336431623835623832353036343636656161626531
64633835626532383961366366333633343130313531333866306363396664623566393932393337
61653766333061623761386366303262386261326139326162323163626336623137646436376563
33396164376631666161346533623536363238353561306330663466373932653932656236336263
33313337303831306565326431363239373033346633653739616462393732393731383130653863
66376337346566353937373137326464613634346535396332646636343739343033366334663537
38316438626532396439343762636132623162363236356661386531636138396563353466363637
63326161343630623733316265636538653731653461643234393064376133616631613338636532
38376437396265343538393836633439323564613433343738336664666136306332646131653239
62393239653663666334373233313466393632663531383139323362656438326361346338613830
64623064356539333836316131656237356239653134393866633037363833623131313630363130
63663031366237626365326534373032376131616238306461326530663734306539303034363339
66646637386136313563366139623364383734336665323563333733383637313530343165613838
64613463306465323564393839303562636566313865376130353036316366336535633866343166
61333435366635346638633930366263316132623266656434336461376135323264343462643563
38663463373639313761346264393764626436383438613435663734316534383838373666353066
37646564313030316464373233636234373565323437303535366631313337346232306530653536
32343630656664613064363166623637333634396565313130613831353931326236333331326561
38636631346465393134656261313936636136386366346163306431623334663438316637653062
30623836313162653331323338393435663232313761613034356362313333366262653663393039
66346439623737323363336136646236646337353638643061626533366235633236643535333235
35313063313564366362363366313333363032646161313033303461306136636265366534393162
63663838383737323661393865303033363435316437383031373336303632633966366338636465
32653237333731356430636438383232316366666230653036396630373565303931613462306137
34383735346533323732363461653264336636383264323063633433393430346532633638613538
65383332633830376362313161613062366235653264333666336134313831316638363336326363
65363936333833653435616465396633343764386665386163303237616633306333353262653161
31323166323463326666616235616538656438383464323766396566396630633166633964343266
31333835396433363435373930386233333065363163303538313838626330643166643563646439
39346135393962666463643236616464376533343737633266386231623461623666306434393362
30386663666433633863666437336532633561666132383064656138353638393163373831636430
31333735646565646230626136633835333163646461626631303665373465656164306236303735
36656262333737663563323565313830393835616630633364383635626461643066383664653062
38643636626365666235636466323039383933643261343335323837663064613234393563643734
66373162633965656166373935653938373164396532353263393237663862343763626131616139
37326639366332373732316235333766666664363735336332626236663836313163346364353863
36336666616561323664653032663463633961366164393231613566323534656338323563663531
38373263323566633736633361616137363731663263336363343533303766303038336465623439
63633933613336646130663535653737313430653833643031643231396534633366653931636533
66323834303439373239366336326564353530623636313161363539313231633435646566656335
36333464613762343334303830626132313930613633653331396164656438333966383332616464
37306338616337623162666166316532623937343336376666613333613437653465653166386366
37353463323965323165613533303535643130623864366132356661346665333332643633653065
63656366633534303237313634653433303862353964363736656632323131396163306165363064
35336361643330666434353332346139396537343837633138333134373139303139376563663934
33363233623633346566323336616563306439306532363764376632386464343635326234386537
38613039376635303733346339383162393539306264643630366530313164366537373433386464
31306333323830303866636432346464363064343065623732313038333037343536353332366630
39313762303630393939626536303661373163623431383833373762313164356335353039396139
65356135626435643161353065326564323061663839653162306363393863303764393533643662
65376430323335623233623433656637353766313335626132323664613634663164336137616533
39613737396636643438623563333131643533353334346232663532633436396364666461613434
38323062613937386664363365376364613063313634633333333833356362396232643132313534
37643930333961613564663466383230326562623230643465643839616566376130336439393430
61303837383237613461313664643930646461326466666537313862313031396230353761393230
65663837613130666339376661386465636637623235373064393861326165646332383838613163
30343839643932376564663262656633343232626165336334646630346135356262383330396666
64653566643361646633653739376661363963626632313961616333336432363439633963633261
32623134386338356366653535616665326130653162383736643435396230303637666163653238
31306163323137363635366432373433613864663232336562313866396133383662336365656563
37383432396364656332383533643438353663386438663835666266326233333934313066306236
37313738656533373461356639353736333538373038623431643936636336626437326531383335
65333066303135303630336439613862323963366562376164633463353837356334366139666661
65323662343366333930396233336130653663316334623637303834343464353963663131656562
64343566336237633864313130376635316665656135366464306334393530343163346433386534
37393539653637383562393834336330626532383463613532626563343064636464346532313566
37633732653639323064326463653861366666383961653434366564653265366237393062333739
61393835616233393862663961653032366438303835646661376639303835373139383863366661
39353564303761656133653330653339643766636563373739306437336136323366653038643935
63313764636263303961646237376262303532303938646361373236353937323333623039313461
33633131616139656337616436336530396635333739386234333265303435613332343463636430
35613134386331646332336339336330653539336431636633313535656434616438616434333434
37373037303061626165623439376237376263666333343662376335353466306561633834386133
37623136663865636564616164653737343339323936663434316233336661353866336639346465
38303336613134306639663062616365353038613965333230666134363464653435313462363965
30373931653462633366623539663133363666333363643732653839333436373536396662623831
33646332303461633961643030313637306635316563346139363038306365393864383965366662
61313734656138663634613639353764376562306138303139613663393833386266633738643864
62666431303437373739633862623435623632626631323434316565343735376430303730346566
36633464633330313433643464646437313262643266393230323466356131613737386436336334
63393330356666316431636462373339366537626236343464356131333236393231393663346439
65633938626366303231366363623135313863636633646338323761623731363664326134313962
61313566373932376365323964393061663034663766383765343836646161653362386364346437
36623736343333623538626231653832376564383738366364303166613662343737346633626134
35316264633035633237313930373362376231353338346437303362656363623430613036373138
34323631663466343365363666383865616561393036646334623939363530306634343563373534
63383739373065653030613830353565666334643639366430333539363438323238346430366334
62616133663032333232643064393730646235333033313231316338656438653635393939356334
38303330626263303462386263333934366366363065323938316663643430653333636465636461
35616636376535626333623930323932376531356430613262663165643932646332383836656233
64383930303636643066323462323861393666316563346536663865633039653030353066353733
37363039623866303863656465363162396464373536316435363435343565633033366237323739
31313235616434643338346335306133616338393133393662393636353764653030313666326161
62383638393931336631396531393534346531333162653632623237333033353137336631343665
35376637653366623766376538386335656435303865376664376565383738623634346265643932
31343861356539356262313435383332383237376331363238376134613162623931393763663834
64356631323862643937623739623034333431663666316238373938323930323662663762326661
37323039626262313534656165366636306436623237333430326431333938303230326261646236
65663364346534383463666539323165353366353531633864623330383535326330343435643035
62626164393934393134386630313761623330306336353035393731316663666439353763373666
30656639353165633337363365326237303365613631653232663965353362336232636338396466
32333064316637633632366634616436313931646339336139346236383962323936343963643663
39353662303466373933643861313232626135623563666630643962323139303730613361616363
39613233653136666532663962623830353334323531303931393530393230656531616432343730
36353833353363313633383934316464613239366230343031363837613233373063613564333831
34326362303962326664313932373761393230613262376436313138633530306531626630376336
64633562313134393962376637373839653131396130313130616362353637646431626639653365
36333832303536336132323037626535383732616133663739643034323638323431366637626632
38313262303838313964633732663533383537306232633264666531366630613162666537303062
32643866386664653239336337636232383663383633663637663035636533306636613466373564
37633665643533616232346633386639363136356131666665396563306531643035306632303161
65323337316564373565333331336436613264623732316337303433633864656430643835643563
36316134313365393534326363626261333663316132643061383737396634333334356661306461
34353138346330306162653161373935363863663361333165363438333365343938386431623761
33346265383263653533386338376434613133616236626631386332326466346461633330333361
61353164616137356661656363306239643734326535663162353336653564303864643164636333
30303338653137643132363161373035383866636431336261663236363865653565623232396235
64346564356233646235326334306139303238623137373764386438376432613832373431653130
64303832353132396430343665366432376536333732316665633661356236636439663539343039
36643030353665313439616537313234303938306534636135396531663937393064356230633634
63656136316438333362326466623933613533323765323533333861613033313465653166393730
39333836616663346538343331303738643061326565326537313864373532376235326166383335
36626632633263663337653738376261303132313431633230343736656465623039643062353530
36393039356464643564616637643936343039653761373261356131356432653336663866356438
32353864323331646537373438363536343636306364356239646532356238323833363134613332
30346135383938316366646131653731623833316366666163346665666633663737633236666234
66623838643030363763616262393561633938646238323731653963663130646632613462646239
31366362633462646566373836373063386361626230303538353862613230393063663538333037
37396663393366393664643837653930633736376230396464386336656437666366616131303530
36623536343666366661623734373339393031636466333566386533303961376566353633343234
61633134343163373631313231353965356634653531323133616633336262633438343066313632
39353534366632383262356135333136383838363533353235653634366664653138313462616534
35646134353632376164343239396532666535626232643839383630393264663465613937653562
63333038343933386166643939323033363564306436626632633531646135323262346535333131
63373330646233313732396632376665666162383561303934613263353935383532623562396462
61626437663764373830313364613135333238306266333732363364353538643161323038393730
62663434613166373030376339646434653866643730616431616536313539613233643431656264
30346166633962663132333064396235356631626135663338616538663232623936373234303664
30396162666366373730363864623061663863646463373738383130356338613138373964396362
33653232316430396338636261626466343965656261653166663765643735613261373230653864
35306539373834313764613835303462643661616331303535316137383735636434656466343036
65633361356539636231306535363433393765633632333934613333393336653764623563323634
36643065623432366335386166383637633765303930393261663964643738653364636633326336
32323039396363373130323164373739306331383638613864383433353961343730313738643735
31323165633331613333343832313162646238326166666536366663373133646235656461336664
61646139643764383161303737636162646438636237653932323835386163383738373262343831
34383931323837373865646338613636616336373038303932656333646663366366393833663065
62643165383535373534316166356662366531626534653833333565336632663737346664306231
36376232643335373965336133643234333034336235393934623165623465613635383231643561
61613061623438303065616230393538643630386638376661633137386163316435303031353462
39313839633730313531353439366237313331333061653364616361313532643639386332626538
66623962356537343937343737646338376564376463333738336365613430653763613962363730
61363664326235633064346366343036613336613538666138313530656635623934663361643433
39633037613537653130656630623435643564386434343735656135353565633732373563646463
37633331333765623131336432646635663165663835393137356634326364626438346132626137
33363738636364323365396638656264303039343830373232353365366233333334623231353961
39326436363734333138313436383834653435613361636134376237646138376564613032356236
38656532353133366139326464613161393261326430343431643462666433376438623162353264
39653139656234376163323530646639363465323631613038363238613138326133633432396461
32363934343862396566393836326332626261636630396337373439383633303033633037633634
30633433326535616534323761376631383265323065623965613435666637623735663633373465
34356632646564373764353830363437623630646533313839313433303131323961383237343535
63663532613838303864323063393230366633656330633535343161333466656435643136343965
39633863393464336362643661303832303133323830656461623237336239333434616132383838
34326533323333353261343834373364613536393566656237326339346162333033626463303333
63313738336365313866313962346261353065633634653633613462386535366661356535616139
65613638353931363931636263653531306264323739383238636131393165633363393836666362
66666364623032643432393065383065386662323030396531343364616362303536623937623564
61623765656335633961323561613332323063656238306666663330633138313263323235373435
34333333633366633636643730353163366635316664366562663433313261303665336435346235
39666136313130633638316333353466343361643966356237346437643938613464353833333633
32353930383165636465663333356563373733363430396162353262343365653834623630663735
37363230386638323763353632376461386466316539656561393430666232333865626539663138
37303333346264393834313134356338326432326436356230326435653464396463373030633165
31663636653730343063313439653935396461323037663035356261616164303532663861363762
62373339663632343439356561656464386562353861363062386135663561613334623131653431
64613765653238303465636433653838343830333536376163666230383261303464346265663265
30623436643534336538346136623931623065353430393630356436303239393533393632643731
38666235396431363937333933393730646437653837656266366264623962626533376130306236
32656531636162666236353032353332393136663863376139333866643366663234646562313662
34303965633237333032323037343332393938636566363263663536643230613235646238356237
36326135353838653135343136373131303532383461393566623164663233313037663336306366
65336462383462613966396563646666356332363433626133386164326533666534323262376631
34363436343039613265306230336461616439623435653462343063373138363261636162643034
34656438303263373437316535663762643631396136616561343836666465643761386338376433
65346439303832303639393262316665643935393230333338636438643565643662666165393635
61623338373863363661303266373038333034313338626462663236373162346534346134633964
62393431666466343738326164386431346335333765646337656139323466363139363466366565
63343265353965643634386631643939383437653636633333616639623564303833303263336462
31366162626361343339366132313961306166386132323237326638646162393461353131306236
39656265356530356562396661313238653437663737666436626631396465363465336361356363
63346538336365633832343030376638336135653731333230353462646239353237306434613333
32333462393839343038326234316237396238333532336637653333383938393631666435653630
31353735363166333233633831386661323838623365363364613233383138353462373666646336
64623261316631366165366530656361356437343063663134346235613232373437613137313735
66363732643838326435393763646265383832623565346165303332643132633036303638653261
65316331643862616663333136323161613338333530386365656331326537373739383163373133
64313263666230623031383832326261393834613062613138636263646234393963656265383130
63646538623632663533363561663737346366633735313137363364613135643361333830613935
34316333313636376165623031623336323630363065656439656333393233626239666233646539
36376333316235633862616663613338353737643737336263653034656535623032623361333131
61636537343761353062323833333361633235616163313361363164343333383236356635393037
34326232383232376636316365643630346637303830373764353831346564633532643733623864
36386330633365653763646137333563333665633631306332396561373964653763366130376437
63616666393639326462363837656635326539336531343963626266653535653231336462636439
34323336313436626433303162656233383934343862383764356139613365623765326665336164
33653436623564313139633333306534633239656266613031393739316162356266613834373763
30653439633462343336626163373834643239616664366231646134373466616430636334653437
34663462323362356434623963386431666136313838386433643462336130373133383037653266
63356237393234376138636465396534333231343061333762396530396166666464643537623536
33636364323032376361396365313533646362646232643265653737316632626261346461653033
33373563646537616536636237633464306239313035366535633130353733346430343836313436
64653762636434666465303035393964666563323039333734633266396563653263316263623631
39333935343031323233373036356361633462386264653630343231363563353662306634643635
66663466323739346136376633646133393738333336333838663533323866363735666361366638
36613435633661323133626330616433313061353366323437666466653364653738323461313130
61623137366236383537373064636436343636393437316261633861663032396339616630373135
30323762626461356233
